1 0.0001023419 -0.005697045 -0.004914376 -0.00412214
1 0.001271786 -0.006139556 -0.003092439 -0.002003164
1 0.0003657312 -0.006320915 -0.005158609 -0.00345595
1 0.002285536 -0.01312228 0.01083624 -0.006905491
1 -0.00553124 -0.001671891 0.01264907 -0.002623879
1 -0.0009411056 -0.009082443 0.01228407 -0.005718115
1 0.002433004 -0.004826542 0.01581257 -0.005874776
1 -0.005615861 -0.005950392 0.006012175 -0.007073056
1 -0.006893483 -0.01453999 0.003400412 -0.008845171
1 -0.006983567 -3.477062e-05 0.004321988 -0.009096979
1 -0.00539594 -0.01600845 -0.000499157 0.002612391
1 -0.0003927533 -0.002794178 -0.01578843 -0.004962283
1 -0.01634125 -0.00763545 -0.001384063 -0.008729172
1 0.005806248 -0.004292039 0.01463682 -0.00803765
1 0.002810703 -0.01231429 0.005402455 0.0004115965
1 -0.004300437 -0.004058 0.01385696 -0.01939983
1 0.0002789946 -0.0004993599 0.009059004 -0.004258551
1 -0.00796541 -0.009300877 -0.007541045 -0.000378804
1 0.0003685787 -0.008982438 0.01055142 0.005442446
1 0.01325051 -0.001689931 -0.003750845 0.002267456
1 0.02557172 -0.008659124 -0.003270826 0.005232939
1 -0.002266193 -0.004653306 -0.008640574 -0.005305151
1 -0.01213382 -0.01472945 0.009605108 -0.004941151
1 -0.01373518 0.006410737 0.008848426 -0.008778515
1 -0.005763028 -0.01539162 0.003281998 -0.002824465
1 -0.01045953 -0.00620693 -0.002206095 -0.008334543
1 -0.003659502 -0.004368232 -0.002220099 -0.01039149
1 -0.01019229 -0.01462067 -0.007693989 -0.006738521
1 -0.001354295 -0.007730018 0.01096388 -0.008245736
1 -0.008150585 -0.006242622 0.01077097 -0.007797215
1 -0.002413567 -0.009295817 0.0135435 -0.004691688
1 -0.008238474 -0.01314983 0.01399836 -0.001894265
1 -0.00809678 -0.01234145 0.01205119 -0.00405223
1 -0.00357061 -0.00242067 0.01672238 -0.008856926
1 -0.0006375489 -0.01085687 0.002136239 -0.002607221
1 -0.001740153 -0.01042034 0.007723075 0.00163463
1 0.006831651 -0.002263804 0.01274112 -0.003597287
1 -0.006824436 -0.009432515 0.002864207 -0.004422262
1 0.003936522 -0.01243485 0.0164551 -0.01305933
1 -0.00503854 -0.008953392 0.007258094 -0.006576585
1 0.01285953 0.007415378 -0.0007505802 -0.00510475
1 0.007908716 0.006298712 0.01230707 -0.002066103
1 0.0001649334 0.01037742 0.001860987 -0.0005952705
1 0.003487758 0.006452516 -0.002027807 0.01521985
1 0.0068369 -0.003860364 0.007142397 -0.01631797
1 -0.007825117 0.01282377 0.005310853 0.005691292
1 0.01221132 0.007106809 0.007917357 0.007566478
1 0.003729691 0.003595446 0.008903989 -0.01278553
1 0.0096269 -0.002605453 0.007509593 0.005359325
1 -0.01831983 0.001587542 0.0002955914 0.01474839
1 -0.005466635 -0.007516033 -0.00731266 -0.001609999
1 -0.005083296 0.02880407 0.002792966 -0.004313849
1 0.01051759 0.01079845 0.001176261 0.0006750423
1 -0.007281445 0.02165377 -0.01156656 -0.002632217
1 0.009001496 2.535643e-05 -0.004976702 -0.01442784
1 -0.009563734 0.002402277 -0.001815274 0.002219514
1 -0.01099015 -0.004725402 0.004104763 0.0095206
1 0.01726596 -0.0001561313 -0.002988129 -0.005354794
1 0.01230338 0.005400563 0.009110572 -0.0054819
1 0.008349214 -0.0149562 0.0004700512 0.004887762
1 0.0122331 0.01336469 -0.0004204681 0.003983221
1 -0.00363481 0.003426364 0.000139676 0.01376749
1 0.009502722 0.002132554 0.002135754 -0.01141204
1 0.01848775 -0.002371421 -0.003414723 0.001848519
1 0.007831075 -0.005051219 0.001251936 -0.003650418
1 -0.006368484 0.001058973 0.01802733 -0.0003203441
1 -0.003324968 -0.005422889 0.01141734 0.002649311
1 -0.01089263 -0.002320279 -0.0145646 -0.008526638
1 -0.006257566 0.00260028 -0.002068585 0.0001014106
1 -0.009049815 0.007980746 0.007182507 -0.01330265
1 0.002154716 0.002213839 -0.00259274 0.001641655
1 0.01442424 -0.005253778 -0.003948825 0.0009935234
1 0.01341974 0.003614697 0.001274656 -0.01024417
1 0.005240923 -0.01655026 -0.004211493 0.005712281
1 -0.01422537 -0.01557305 0.006240149 0.002348734
1 -0.005106342 0.004301015 0.000566829 -0.003631142
1 0.003562961 0.01193845 -0.004248623 0.005639738
1 -0.003441631 0.002001769 -0.008614328 -0.002033569
1 0.01281907 0.009969291 0.001753417 0.01417921
1 -0.004378649 0.01198988 -0.0004627998 -0.0009304124
1 0.005066324 0.002610243 -0.002418961 0.01380477
1 0.002765134 0.007428229 -0.001887738 0.0115712
1 0.001106742 -0.003201397 -0.0008166382 0.000727556
1 0.009926454 0.0003694944 -0.002374537 0.0009045719
1 -0.003257609 -0.001315073 -0.01593049 -0.01229988
1 0.002654327 0.01555901 -0.000330567 -0.003225659
1 0.01247229 -0.005291115 0.001961437 0.004766795
1 0.02206974 0.008048542 -0.0004344281 -0.01289231
1 -0.003893172 0.01712551 -0.006391525 0.006932873
1 0.008118277 0.01311991 -0.001390975 -0.003848457
1 0.02831535 -0.00260058 0.01170616 0.001010246
1 -0.008923782 0.004756232 -0.01633168 -0.002612233
1 0.01187623 0.01924431 0.001367135 0.004715366
1 0.01334183 -0.004985574 0.003481026 -0.007009132
1 0.01297736 -0.003409874 0.007440839 0.01448331
1 0.01468662 0.0007860296 0.004782846 0.01001626
1 -0.005212448 0.004926882 0.003267086 -0.005625912
1 0.03249738 0.01443773 0.0003703065 0.005848398
1 0.01971596 0.01793522 0.01924769 -0.01121808
1 0.005420604 -0.004087452 0.002919962 -0.005581336
1 0.04838468 0.003984147 0.01155664 -0.01193781
1 0.02751176 0.008010615 0.0007485894 -0.0001555646
1 -0.007688594 0.00361801 -0.006184922 -0.001460698
1 0.001623179 -0.007250305 -0.01386989 -0.003820989
1 0.01495002 -0.005205224 -0.00666586 0.006147077
1 0.01045649 -0.006056328 -0.01465478 0.003157164
1 -0.01012616 -0.002289823 0.001313278 -0.005679412
1 0.02976065 0.01601534 -0.0002366627 0.004939162
1 -0.001807076 0.003205333 -0.005800446 0.006751914
1 0.009379998 0.009266328 0.0003345532 -0.001818778
1 0.01037828 -0.00394118 0.006766087 -0.002713581
1 0.01283548 -0.0002472181 0.0009141146 -0.004452345
1 0.007884847 0.0007670897 0.006913606 -0.00415497
1 0.002786939 -0.01458475 -0.003481811 0.006646726
1 0.008017969 0.0009148974 -0.006430338 -0.001577606
1 0.0006004467 -0.0001122631 -0.003027284 0.001422685
1 -0.006665543 0.005307127 0.0008911933 -0.002034485
1 -0.007924894 -0.002297975 -0.005292433 -0.0002491824
1 0.003424508 0.01437364 -0.004191937 -0.008406134
1 -0.00401799 -0.0002683595 -0.0123959 0.01636742
1 0.001641326 -0.001625503 0.008862191 0.01245609
1 0.009882808 -0.003256384 0.001531934 0.008840552
1 -0.005021027 0.002864379 -0.0008028541 -0.008508983
1 -0.0003574608 0.007903479 0.001783095 -0.002431347
1 -0.003105597 -0.005429276 -0.001380976 -0.005568914
1 0.001548778 -0.01160298 -0.0006009514 -0.000358306
1 -0.003075084 -0.01308936 0.01098213 0.01060336
1 0.005265472 -0.003677554 -0.01144474 -0.00462721
1 0.04791296 0.0002432911 -0.006923368 0.009134606
1 0.01361754 -0.004939149 0.005599755 -0.005839069
1 0.0187837 0.003952925 -0.004083793 -0.01218496
1 0.00594656 0.02320896 -0.001960291 0.01589152
1 -0.001417113 0.01152988 0.0004018657 -0.00120998
1 0.02678417 -0.004267807 0.01608518 -0.003535211
1 -0.007047673 0.004257651 -0.01404808 -0.002339321
1 0.0139047 0.01642118 -0.0004379761 0.001773503
1 0.007411782 -0.01083339 0.006077061 -0.009010642
1 0.01734156 -0.003850909 0.01073233 0.01567631
1 0.009056567 0.001095336 0.007625718 0.01339034
1 -0.007028355 0.003976523 0.01364584 -0.002467862
1 0.034486 0.01320141 0.001745402 0.005048943
1 0.01772878 0.01753346 0.01828425 -0.01353174
1 -0.0001316209 -0.007163428 -0.002898646 -0.009460502
1 0.05570017 0.007035172 0.0153312 -0.002970044
1 0.02760903 0.00902345 0.0008741428 -0.002558936
1 -0.005448536 2.657295e-05 -0.004285453 -0.002249322
1 0.005564924 -0.01676888 -0.006152494 0.004396102
1 0.01646836 -0.001875583 -0.003200477 0.01169141
1 0.008930654 -0.004372117 -0.01363322 0.004443117
1 -0.005834535 -0.0007661258 -0.001584004 0.003579674
1 0.01966267 0.007799126 -0.0022329 0.006927644
1 -0.01302095 -0.00754726 -0.0128415 0.0006124591
1 -0.006319563 -0.001926087 -0.0006141406 0.003247625
1 0.01308173 -0.002020534 0.009490986 -0.001940268
1 0.009048433 0.00091045 -0.001932489 -0.01146128
1 0.004648043 -0.002954615 -0.002243594 -0.01231319
1 0.004506532 -0.01601668 0.001663588 0.006614281
1 0.003804928 -0.01337154 -0.01042019 -0.000771142
1 0.003966827 0.001123224 -0.007567682 0.01254356
1 0.009510233 0.004704228 -0.009411896 -0.004546674
1 -0.01026407 -0.006396952 -0.003572778 -0.0008365228
1 0.006176223 0.01438376 -0.002310507 -0.01156753
1 0.002276021 -0.009020207 -0.002234774 0.003648125
1 0.006921156 0.002609962 0.008975196 0.002022602
1 0.004697494 -0.00479366 -0.001391977 0.00959303
1 0.004751716 0.00454803 0.002564275 -0.002387794
1 0.006687638 0.01277349 0.001893051 0.005410379
1 -0.01982123 -0.007969294 0.004326901 0.00260501
1 0.0007096235 -0.01239234 0.0001936725 -0.0002411602
1 -0.006892199 -0.00663949 0.01323308 0.01194776
1 0.1447045 0.02367287 0.0008588838 0.001381323
1 0.02686341 0.01133619 0.001722091 0.001390574
1 0.008536349 4.425684e-05 0.008470233 -0.001480596
1 0.002823667 0.009947127 7.047288e-05 0.01466701
1 0.005031758 -0.005135648 0.005201402 -0.01671896
1 -0.009531397 0.01099986 0.007200064 0.002974415
1 0.01312319 0.005458638 0.008854722 0.01125131
1 0.002162024 0.00251731 0.007087477 -0.009548488
1 0.008229447 -0.002981656 0.01112173 0.0101633
1 -0.01686063 0.002314732 0.0007490165 0.01364819
1 -0.006795824 -0.001767802 -0.007683731 0.001782925
1 -0.006670978 0.03464571 0.002021341 -0.004742134
1 0.005132254 0.008106905 0.0004595167 -0.0004885683
1 -0.01107446 0.02095384 -0.01339691 -0.0001040491
1 0.01001733 -0.001537753 -0.006497168 -0.01565534
1 -0.009346984 0.004001569 -0.003009491 0.00361445
1 -0.009342342 -0.004034 0.003171605 0.01071765
1 0.01561776 -0.00204453 -0.002584361 -0.005987645
1 0.01119935 0.006363093 0.00970787 -0.0006054878
1 0.003922492 -0.01598504 0.0005131637 0.004928385
1 0.01474927 0.01103297 -0.003383222 0.005121954
1 -0.002980445 -0.003889749 0.0002053744 0.009963224
1 0.01331012 0.00183923 -0.003052154 -0.00470289
1 0.02614325 -0.003328679 -0.005808124 -0.001576273
1 0.008990627 -0.009092688 0.002952657 -0.002385604
1 -0.008967027 0.001914839 0.0207657 -0.001698715
1 -0.008744968 -0.006105176 0.009254348 0.002416856
1 -0.01197108 -0.005954439 -0.01260729 -0.01302519
1 -0.00594273 0.005021767 -0.002422884 -0.001584937
1 -0.006583466 0.005074573 0.007198816 -0.01046801
1 0.00362789 -0.0006474619 -0.004613572 0.003253881
1 0.009714074 -0.003674992 -0.01234208 -0.0008128786
1 0.0142956 0.004587488 0.00197392 -0.009056053
1 0.007458333 -0.00997657 -0.0009681027 0.003414602
1 -0.009683103 -0.01631969 0.002993645 0.0008595069
1 -0.001597213 0.001952073 0.002180787 -0.003398931
1 0.001950772 0.009954638 -0.0008838357 0.003258868
1 -0.002576382 0.0032393 -0.01240489 0.001704824
1 0.0102639 0.009806427 0.0008512446 0.01152246
1 -0.009716487 0.01292375 -0.001626356 -0.005047543
1 0.003463975 -0.002197674 -0.001686617 0.009039878
1 0.008184961 0.01219856 -0.005289212 0.006660836
1 -0.003109107 -0.001753418 0.003425795 -0.002414033
1 0.00832346 0.01286435 0.01002901 0.0030225
1 0.01546388 0.001642378 0.009310105 0.006131472
1 0.02908885 0.00880409 -0.01740875 0.009468876
1 0.01451349 -0.0008725972 -0.007112791 0.00333543
1 0.02051185 0.006220244 -0.01025405 -0.001772942
1 0.002930292 0.02022482 0.008911587 0.001684364
1 0.006901496 -0.00742482 0.01051109 0.01183361
1 0.01007155 0.008163051 -0.004690193 -0.0004538301
1 0.01205054 0.0110386 -0.006085411 -0.002422512
1 0.01027634 0.0007860582 -0.004105602 -0.004724457
1 0.00439345 -0.009178666 0.01106593 0.00488937
1 0.0002836043 -0.01142992 0.001026004 -0.007012866
1 0.003442032 -0.003385981 -0.00905419 0.01013118
1 0.002288677 0.01525979 0.01038637 0.001100684
1 0.02033964 0.01371035 0.003328286 0.001823938
1 0.01705817 0.004184903 0.005869728 -0.004633058
1 -0.01031747 -0.006671867 -0.01338212 -0.01029814
1 0.04670097 0.006216531 0.01168345 -0.0003402483
1 0.01364718 0.00256314 -0.008305938 0.003687882
1 -0.005098026 0.001265249 -0.001928866 -0.005602518
1 0.005435702 0.006642629 -0.008213035 0.005333481
1 0.03295238 0.0006986249 -0.00541813 0.01682002
1 0.02713006 0.003753309 -0.001670417 0.011648
1 0.02132105 -0.004738334 0.001106231 0.001694837
1 0.000259093 -0.005200927 -0.013349 -0.001238646
1 0.004821501 -0.00498914 -0.006144165 -0.004069469
1 -0.007188954 -0.001131976 -0.005840047 -0.01469253
1 0.005689943 -0.0003196426 0.00697833 0.0114934
1 0.01012501 -0.007101083 -0.001090511 -0.006403465
1 -0.005927275 -0.005396081 0.003740409 -0.003745399
1 0.005547501 -0.006410356 -0.004043138 0.002110773
1 -0.00347841 -0.01253612 -0.007265488 0.002705917
1 0.00518741 0.01023059 0.01005679 0.0280765
1 0.003116031 0.00830948 -0.004578142 3.272661e-05
1 -0.01503006 7.772409e-05 0.00361204 0.001185075
1 0.01111557 0.01247789 -0.0132799 0.003512999
1 0.00720085 -0.006615385 -0.004443113 -0.008157702
1 0.01357123 -0.009732764 0.01121503 -0.002505942
1 0.009695893 0.01701473 0.004832982 0.001107141
1 -0.00381626 0.01107102 0.00315534 0.01439591
1 -0.009606852 0.006869298 -0.006615711 -0.01628518
1 0.003442053 -0.001562382 0.008708211 -0.01439525
1 0.01609708 0.001857549 0.0009843433 0.004338803
1 0.03446036 0.01287768 -0.01085983 0.01112496
1 0.01903303 -0.006274152 -0.002467763 -0.004220727
1 0.02218703 0.0102104 -0.006519853 -0.002566215
1 0.001119067 0.02108308 0.007331137 0.002957635
1 0.0104926 -0.005173617 0.006369395 0.007679854
1 0.007280946 0.001778428 -0.006220564 -0.004344187
1 0.00307091 0.01380641 -0.005477004 -0.004507328
1 0.0135646 0.002107816 -0.001478233 -0.008983044
1 0.002384904 -0.008611311 0.01014157 0.009919281
1 -0.0004676586 -0.008571861 -0.001641163 -0.005277528
1 0.004579941 -0.002769185 -0.003219091 0.01060841
1 0.004826194 0.01643498 0.01131238 0.003700365
1 0.02439307 0.01520197 0.004930056 -0.0008618594
1 0.01148776 0.006283348 0.004752309 -0.00573886
1 0.002596925 -0.001809493 -0.01325926 -0.0104766
1 0.05002957 0.006950012 0.01234667 -0.005864337
1 0.01378561 0.009357901 -0.009968663 -0.0008310851
1 -0.00355258 1.537845e-05 -0.004159274 -0.00483811
1 0.003071278 0.003503609 -0.01215104 0.009890864
1 0.02130675 -0.002168547 -0.001606328 0.00779301
1 0.02949486 0.01017 -0.01115946 0.01310337
1 0.01409339 -0.00929929 -0.0007316134 0.003136602
1 -0.002137265 -0.005283413 -0.01276012 -0.004652378
1 0.006332633 -0.002453502 -0.01795618 -0.006831714
1 -0.003860638 -0.00410772 -0.000837773 -0.01336427
1 0.006302708 -0.005331968 0.00834487 0.01345538
1 0.01236836 -0.007773724 -0.0009780181 -0.007855757
1 -0.005007968 -0.001733362 0.005361486 -0.002369453
1 0.003563174 -0.002476099 -0.005894549 0.006349458
1 -0.003908739 -0.007839026 -0.013703 0.002483457
1 -0.000459933 0.007060697 -0.001267287 0.01971239
1 0.006062108 0.01049324 0.0004799121 -0.01228001
1 -0.01421688 -0.002205665 0.002979533 0.003227128
1 0.01404176 0.01730726 -0.01085399 0.00546702
1 -0.006032816 -0.01339383 0.007764384 -0.003263875
1 0.005184918 0.0002919018 0.005768784 0.001293171
1 0.01361683 0.01448436 0.003106039 0.00401257
1 -0.0004431175 0.01333597 0.002970593 0.01180281
1 -0.01262442 0.007359867 -0.00429098 -0.01430742
1 4.480002e-05 -0.01657192 0.005130319 -0.0172549
